177849664 -1.16454892006581E7 4618377.7195096025 
177849665 -1.1645490569887836E7 4618509.013195982 
177849666 -1.1645490514228093E7 4618640.804870096 
177849667 -1.1645493831548918E7 4618770.726396286 
177849668 -1.1645496069070682E7 4618902.748312396 
177849669 -1.1645499375259558E7 4619030.744538186 
177849670 -1.1645499286203966E7 4619162.854875222 
177849672 -1.1645502436545556E7 4619294.045123837 
177884813 -1.1646919678378692E7 4618890.8081296235 
177892839 -1.1646501517843476E7 4618641.627332581 
177904887 -1.1646833773127647E7 4619163.776647163 
177904889 -1.164683386218324E7 4619293.960036115 
177905904 -1.16460037082126E7 4618243.563169263 
177905905 -1.16460030736915E7 4618378.910631751 
177905906 -1.1646001481822781E7 4618508.048942047 
177905907 -1.1646003084823448E7 4618638.4792868765 
177905908 -1.1646001504086679E7 4618768.4858671 
177905910 -1.1646001058808716E7 4618900.81973087 
177905912 -1.1646001993892439E7 4619031.581212746 
177905914 -1.164600080277389E7 4619159.139426088 
177905916 -1.1646000402023721E7 4619293.84658582 
177905922 -1.1645999422412202E7 4619623.864594837 
177907717 -1.1646169362746848E7 4618245.108771941 
177909117 -1.164481440416881E7 4618386.000647395 
177909119 -1.1644986259198695E7 4618384.6393640125 
177909123 -1.164532029559472E7 4618379.747253344 
177909125 -1.1645653920108626E7 4618376.457487474 
177909127 -1.1645822969887346E7 4618376.712727894 
177909129 -1.164617005292769E7 4618378.910631751 
177909131 -1.1646253876504257E7 4618378.924811777 
177909686 -1.1645813385279188E7 4617584.859770179 
177909690 -1.1645824628547758E7 4618503.284394521 
177909692 -1.1645828391146548E7 4618637.940432304 
177909694 -1.1645828981139848E7 4618768.032089095 
177909696 -1.1645833099961007E7 4618900.621200437 
177909698 -1.164583452485049E7 4619029.737692623 
177909700 -1.1645837252178015E7 4619159.096882787 
177909702 -1.1645839289324697E7 4619293.619685239 
177909729 -1.1645874889297849E7 4621619.826165865 
177910343 -1.164479915339857E7 4617341.963333771 
177910772 -1.1646169963872097E7 4618508.445987776 
177910774 -1.1646168205024142E7 4618638.181498819 
177910776 -1.1646169496330235E7 4618770.953285344 
177910778 -1.1646168171628296E7 4618900.79136938 
177910780 -1.1646168572378464E7 4619030.659452643 
177910782 -1.1646168783885496E7 4619158.940890676 
177910784 -1.1646168538982613E7 4619293.874948394 
177910790 -1.1646167960121265E7 4619622.531511252 
177912641 -1.164633630858719E7 4618511.523092676 
177912643 -1.164565730422115E7 4618505.524865999 
177912645 -1.1645323624047494E7 4618510.105071867 
177912646 -1.1645153026927855E7 4618514.69945999 
177912647 -1.1644986793532252E7 4618515.351749829 
177912648 -1.1644815573023463E7 4618516.854852655 
177913593 -1.1644818534121918E7 4618649.185482277 
177913595 -1.1644989621047316E7 4618647.625638546 
177913597 -1.1645155865574868E7 4618645.626202837 
177913599 -1.1645325494214939E7 4618642.960289161 
177913600 -1.1645658528735545E7 4618642.577418637 
177913601 -1.1646335440295162E7 4618639.613717651 
177913602 -1.1646668508211616E7 4618640.833230871 
177914857 -1.1644821573144017E7 4618780.128115852 
177914859 -1.1644988830678932E7 4618779.022030749 
177914861 -1.1645157446311638E7 4618774.838761251 
177914863 -1.1645326017416546E7 4618770.967465909 
177914865 -1.1645660109472314E7 4618772.031008444 
177914867 -1.1646332946738567E7 4618769.847201231 
177914869 -1.1646501395392038E7 4618768.72693667 
177914871 -1.1646668775378395E7 4618767.549949986 
177916258 -1.1644823242936376E7 4618913.7809401415 
177916260 -1.1644991713853745E7 4618911.426933745 
177916262 -1.1645160529861534E7 4618907.711575345 
177916263 -1.164532995812652E7 4618905.782992885 
177916264 -1.1645663304341702E7 4618902.025094282 
177916265 -1.1646333024662212E7 4618901.145888015 
177916267 -1.164650160689907E7 4618900.365947032 
177916896 -1.1645166073572172E7 4619298.739130849 
177916898 -1.1645332896961078E7 4619298.3562359335 
177916900 -1.1645669471441492E7 4619293.619685239 
177916902 -1.1646332512592552E7 4619293.889129683 
177916904 -1.1646500883322379E7 4619293.917492256 
177917246 -1.1644648003793972E7 4618650.064667028 
177917467 -1.1644824845937047E7 4619042.301997861 
177917469 -1.1644993862319915E7 4619039.111286838 
177917471 -1.1645162043806605E7 4619037.154317903 
177917473 -1.1645331071321428E7 4619034.034513117 
177917475 -1.1645666499211088E7 4619029.071189271 
177917477 -1.1646334048801526E7 4619032.091726074 
177917479 -1.1646501139357207E7 4619032.871677031 
177917484 -1.164666930971195E7 4619031.907374033 
177919857 -1.164482469008976E7 4619170.484313145 
177919858 -1.1644997179640742E7 4619169.122926039 
177919860 -1.164533249621091E7 4619163.663198303 
177919861 -1.1645668647677258E7 4619161.450945812 
177919862 -1.1646332623912044E7 4619158.82744187 
177919863 -1.1646501016905768E7 4619158.643087565 
177920790 -1.1646332323349418E7 4619555.508829346 
177940444 -1.1645302840698563E7 4617334.264357632 
177941459 -1.1645354303699156E7 4620648.7307724105 
177951005 -1.1644508064062094E7 4618391.105461684 
177954370 -1.1646500560495855E7 4619621.708970404 
2703808098 -1.1645163413036343E7 4619166.414333477 
2887751629 -1.1644750139426775E7 4618913.6533132745 
3119795432 -1.1644824756881453E7 4619112.228450835 
4041246846 -1.1645739302158067E7 4618900.96153832 
452808405 -1.164519827830086E7 4621233.688998428 
497016499 -1.1644677726098012E7 4618781.149117588 
597276024 -1.164650158463517E7 4618581.545202996 
 